958
958
958
958
958
885
885
885
885
885
811
811
811
811
811
811
723
723
723
723
723
649
649
649
649
649
572
572
572
572
572
572
480
480
480
480
480
427
427
427
427
427
361
361
361
361
361
361
322
322
322
322
322
284
284
284
284
284
243
243
243
243
243
243
240
240
240
240
240
213
213
213
213
213
203
203
203
203
203
203
203
203
203
203
203
216
216
216
216
216
242
242
242
242
242
242
265
265
265
265
265
333
333
333
333
333
391
391
391
391
391
391
469
469
469
469
469
559
559
559
559
559
648
648
648
648
648
648
713
713
713
713
713
798
798
798
798
798
853
853
853
853
853
853
923
923
923
923
923
984
984
984
984
984
1049
1049
1049
1049
1049
1049
1114
1114
1114
1114
1114
1127
1127
1127
1127
1127
1141
1141
1141
1141
1141
1141
1126
1126
1126
1126
1098
1098
1098
1098
1098
1063
1063
1063
1063
1063
1063
983
983
983
983
983
935
935
935
935
935
855
855
855
855
855
855
812
812
812
812
812
728
728
728
728
728
672
672
672
672
672
672
635
635
635
635
635
588
588
588
588
588
555
555
555
555
555
555
502
502
502
502
502
475
475
475
475
475
440
440
440
440
440
440
404
404
404
404
404
365
365
365
365
365
322
322
322
322
322
322
291
291
291
291
291
269
269
269
269
269
278
278
278
278
278
278
278
278
278
278
278
310
310
310
310
310
328
328
328
328
328
328
372
372
372
372
372
431
431
431
431
431
493
493
493
493
493
493
556
556
556
556
556
631
631
631
631
631
705
705
705
705
705
705
766
766
766
766
766
829
829
829
829
829
889
889
889
889
889
889
930
930
930
930
930
962
962
962
962
962
982
982
982
982
982
982
975
975
975
975
975
974
974
974
974
974
970
970
970
970
970
970
974
974
974
974
974
956
956
956
956
956
942
942
942
942
942
942
915
915
915
877
877
877
877
877
839
839
839
839
839
839
795
795
795
795
795
741
741
741
741
741
668
668
668
668
668
668
602
602
602
602
602
538
538
538
538
538
490
490
490
490
490
490
474
474
474
474
474
460
460
460
460
460
451
451
451
451
451
451
440
440
440
440
440
471
471
471
471
471
497
497
497
497
497
497
508
508
508
508
508
541
541
541
541
541
539
539
539
539
539
539
562
562
562
562
562
601
601
601
601
601
643
643
643
643
643
643
678
678
678
678
678
708
708
708
708
708
767
767
767
767
767
767
793
793
793
793
793
842
842
842
842
842
861
861
861
861
861
861
859
859
859
859
859
847
847
847
847
847
826
826
826
826
826
826
802
802
802
802
802
752
752
752
752
752
738
738
738
738
738
738
695
695
695
695
695
672
672
672
672
672
645
645
645
645
645
645
603
603
603
603
603
567
567
567
567
567
572
572
572
572
572
572
525
525
525
525
525
493
493
493
493
493
472
472
472
472
472
472
458
458
458
458
458
460
460
460
460
460
460
460
460
460
460
460
471
471
471
471
471
479
479
479
479
479
488
488
488
488
488
488
510
510
510
510
510
512
512
512
512
512
532
532
532
532
532
532
596
596
596
596
596
611
611
611
611
611
652
652
652
652
652
652
698
698
698
698
698
748
748
748
748
748
777
777
777
777
777
777
797
797
797
797
797
822
822
822
822
822
829
829
829
829
829
829
812
812
812
812
812
796
796
796
796
796
774
774
774
774
774
774
764
764
764
764
764
746
746
746
746
746
721
721
721
721
721
721
680
680
680
680
680
638
638
638
638
638
612
612
612
612
612
612
564
564
564
564
564
535
535
535
535
535
483
483
483
483
483
483
468
468
468
468
468
407
407
407
407
407
408
408
408
408
408
408
406
406
406
406
406
394
394
394
394
394
424
424
424
424
424
424
438
438
438
438
438
470
470
470
470
470
526
526
526
526
526
526
584
584
584
584
584
631
631
631
631
631
685
685
685
685
685
685
738
738
738
738
738
777
777
777
777
777
835
835
835
835
835
835
847
847
847
847
847
864
864
864
864
864
875
875
875
875
875
875
870
870
870
870
870
839
839
839
839
839
813
813
813
813
813
813
794
794
794
794
794
749
749
749
749
749
716
716
716
716
716
716
676
676
676
676
676
625
625
625
625
625
602
602
602
602
602
602
568
568
568
568
568
539
539
539
539
539
517
517
517
517
517
517
503
503
503
503
503
481
481
481
481
481
464
464
464
464
464
464
464
464
464
464
464
463
463
463
463
463
482
482
482
482
482
482
511
511
511
511
511
543
543
543
543
543
564
564
564
564
564
564
634
634
634
634
634
642
642
642
642
642
700
700
700
700
700
700
723
723
723
723
723
751
751
751
751
751
767
767
767
767
767
767
799
799
799
799
799
810
810
810
810
810
812
812
812
812
812
812
806
806
806
806
806
801
801
801
801
801
818
818
818
818
818
818
784
784
784
784
784
772
772
772
772
772
772
772
772
772
772
772
757
757
757
757
757
719
719
719
719
719
692
692
692
692
692
692
659
659
659
659
659
650
650
650
650
650
614
614
614
614
614
614
597
597
597
597
597
563
563
563
563
563
544
544
544
544
544
544
536
536
536
536
536
508
508
508
508
508
489
489
489
489
489
489
472
472
472
472
472
484
484
484
484
484
498
498
498
498
498
498
518
518
518
518
518
538
538
538
538
538
552
552
552
552
552
552
593
593
593
593
593
630
630
630
630
630
663
663
663
663
663
663
692
692
692
692
692
725
725
725
725
725
755
755
755
755
755
755
785
785
785
785
785
801
801
801
801
801
822
822
822
822
822
822
808
808
808
808
808
830
830
830
830
830
820
820
820
820
820
820
808
808
808
808
808
797
797
797
797
797
786
786
786
786
786
786
747
747
747
747
747
720
720
720
720
720
691
691
691
691
691
691
669
669
669
669
669
644
644
644
644
644
589
589
589
589
589
589
562
562
562
562
562
536
536
536
536
536
532
532
532
532
532
532
503
503
503
503
503
482
482
482
482
482
482
482
482
482
482
482
484
484
484
484
484
487
487
487
487
487
488
488
488
488
488
488
511
511
511
511
511
512
512
512
512
512
551
551
551
551
551
551
571
571
571
571
571
614
614
614
614
614
649
649
649
649
649
649
679
679
679
679
679
696
696
696
696
696
708
708
708
708
708
708
713
713
713
713
713
693
693
693
693
693
698
698
698
698
698
698
689
689
689
689
689
656
656
656
656
656
632
632
632
632
632
632
610
610
610
610
610
591
591
591
591
591
591
591
591
591
591
591
562
562
562
562
562
565
565
565
565
565
547
547
547
547
547
547
544
544
544
544
544
557
557
557
557
557
561
561
561
561
561
561
553
553
553
553
553
572
572
572
572
572
587
587
587
587
587
587
602
602
602
602
602
595
595
595
595
595
596
596
596
596
596
596
592
592
592
592
592
595
595
595
595
582
582
582
582
582
582
595
595
595
595
595
601
601
601
601
601
593
593
593
593
593
593
614
614
614
614
614
623
623
623
623
623
641
641
641
641
641
641
649
649
649
649
649
663
663
663
663
663
671
671
671
671
671
671
688
688
688
688
688
695
695
695
695
695
695
695
695
695
695
695
721
721
721
721
721
715
715
715
715
715
722
722
722
722
722
722
719
719
719
719
719
714
714
714
714
714
710
710
710
710
710
710
694
694
694
694
694
675
675
675
675
675
663
663
663
663
663
663
659
659
659
659
659
651
651
651
651
651
635
635
635
635
635
635
647
647
647
647
647
631
631
631
631
631
622
622
622
622
622
622
628
628
628
628
628
648
648
648
648
648
673
673
673
673
673
673
643
643
643
643
643
659
659
659
659
659
644
644
644
644
644
644
655
655
655
655
655
646
646
646
646
646
649
649
649
649
649
649
632
632
632
632
632
625
625
625
625
625
635
635
635
635
635
635
632
632
632
632
632
640
640
640
640
640
631
631
631
631
631
631
633
633
633
633
633
624
624
624
624
624
623
623
623
623
623
623
619
619
619
619
619
623
623
623
623
623
623
623
623
623
623
623
628
628
628
628
628
635
635
635
635
635
631
631
631
631
631
631
640
640
640
640
640
628
628
628
628
628
633
633
633
633
633
633
620
620
620
620
620
624
624
624
624
624
624
624
624
624
624
624
635
635
635
635
635
625
625
625
625
625
617
617
617
617
617
617
613
613
613
613
613
608
608
608
608
608
619
619
619
619
619
619
633
633
633
633
633
633
633
633
633
633
648
648
648
648
648
648
626
626
626
626
626
627
627
627
627
627
643
643
643
643
643
643
653
653
653
653
653
653
653
653
653
653
666
666
666
666
666
666
657
657
657
657
657
665
665
665
665
665
674
674
674
674
674
674
679
679
679
679
679
683
683
683
683
683
681
681
681
681
681
681
684
684
684
684
684
693
693
693
693
693
696
696
696
696
696
696
696
696
696
696
696
742
742
742
742
742
714
714
714
714
714
714
707
707
707
707
707
706
706
706
706
706
692
692
692
692
692
692
701
701
701
701
701
681
681
681
681
681
665
665
665
665
665
665
662
662
662
662
662
643
643
643
643
643
625
625
625
625
625
625
630
630
630
630
630
630
630
630
630
630
636
636
636
636
636
636
637
637
637
637
637
668
668
668
668
668
658
658
658
658
658
658
687
687
687
687
687
701
701
701
701
701
712
712
712
712
712
712
733
733
733
733
733
732
732
732
732
732
730
730
730
730
730
730
736
736
736
736
736
740
740
740
740
740
721
721
721
721
721
721
716
716
716
716
716
711
711
711
711
711
687
687
687
687
687
687
688
688
688
688
688
677
677
677
677
677
686
686
686
686
686
686
680
680
680
680
680
675
675
675
675
675
687
687
687
687
687
687
682
682
682
682
682
680
680
680
680
680
670
670
670
670
670
670
666
666
666
666
666
650
650
650
650
650
661
661
661
661
661
661
657
657
657
657
657
649
649
649
649
649
624
624
624
624
624
624
637
637
637
637
637
647
647
647
647
647
641
641
641
641
641
641
638
638
638
638
638
665
665
665
665
665
677
677
677
677
677
677
699
699
699
699
699
694
694
694
694
694
698
698
698
698
698
698
717
717
717
717
717
725
725
725
725
725
730
730
730
730
730
730
727
727
727
727
727
721
721
721
721
721
741
741
741
741
741
741
734
734
734
734
734
754
754
754
754
754
756
756
756
756
756
756
765
765
765
765
765
767
767
767
767
767
768
768
768
768
768
768
756
756
756
756
756
763
763
763
763
763
739
739
739
739
739
739
727
727
727
727
727
716
716
716
716
716
704
704
704
704
704
704
717
717
717
717
717
718
718
718
718
718
697
697
697
697
697
697
709
709
709
709
709
731
731
731
731
731
730
730
730
730
730
730
711
711
711
711
711
701
701
701
701
701
696
696
696
696
696
696
677
677
677
677
677
656
656
656
656
656
648
648
648
648
648
648
628
628
628
628
628
622
622
622
622
622
619
619
619
619
619
619
600
600
600
600
600
612
612
612
612
612
607
607
607
607
607
607
626
626
626
626
626
621
621
621
621
621
655
655
655
655
655
655
667
667
667
667
667
676
676
676
676
676
671
671
671
671
671
671
693
693
693
693
693
689
689
689
689
689
680
680
680
680
680
680
688
688
688
688
688
669
669
669
669
669
663
663
663
663
663
663
644
644
644
644
644
647
647
647
647
647
627
627
627
627
627
627
627
627
627
627
627
643
643
643
643
643
643
632
632
632
632
632
649
649
649
649
649
642
642
642
642
642
630
630
630
630
630
630
629
629
629
629
629
632
632
632
632
632
612
612
612
612
612
612
627
627
627
627
627
612
612
612
612
612
612
625
625
625
625
625
633
633
633
633
633
627
627
627
627
627
652
652
652
652
652
652
664
664
664
664
664
689
689
689
689
689
694
694
694
694
694
694
702
702
702
702
702
704
704
704
704
704
704
697
697
697
697
697
695
695
695
695
695
721
721
721
721
721
707
707
707
707
707
707
703
703
703
703
703
682
682
682
682
682
683
683
683
683
683
683
688
688
688
688
688
654
654
654
654
654
654
669
669
669
669
669
669
669
669
669
669
671
671
671
671
671
673
673
673
673
673
673
690
690
690
690
690
687
687
687
687
687
698
698
698
698
698
698
692
692
692
692
692
679
679
679
679
679
679
666
666
666
666
666
652
652
652
652
652
650
650
650
650
650
639
639
639
639
639
639
632
632
632
632
632
639
639
639
639
639
633
633
633
633
633
633
632
632
632
632
632
633
633
633
633
633
633
634
634
634
634
634
618
618
618
618
618
627
627
627
627
627
605
605
605
605
605
605
596
596
596
596
596
586
586
586
586
586
586
586
586
586
586
586
572
572
572
572
572
588
588
588
588
588
588
580
580
580
580
580
619
619
619
619
619
618
618
618
618
618
632
632
632
632
632
632
639
639
639
639
639
639
639
639
639
639
647
647
647
647
647
647
654
654
654
654
654
644
644
644
644
644
644
643
643
643
643
643
650
650
650
650
650
652
652
652
652
652
645
645
645
645
645
645
656
656
656
656
656
655
655
655
655
655
669
669
669
669
669
669
672
672
672
672
672
689
689
689
689
689
689
710
710
710
710
710
729
729
729
729
729
744
744
744
744
744
752
752
752
752
752
752
751
751
751
751
751
763
763
763
763
763
763
763
763
763
763
763
753
753
753
753
753
779
779
779
779
779
779
780
780
780
780
780
770
770
770
770
770
767
767
767
767
767
758
758
758
758
758
758
760
760
760
760
760
736
736
736
736
736
738
738
738
738
738
738
716
716
716
716
716
708
708
708
708
708
708
701
701
701
701
701
703
703
703
703
703
697
697
697
697
697
689
689
689
689
689
689
674
674
674
674
674
677
677
677
677
677
648
648
648
648
648
648
646
646
646
646
646
614
614
614
614
614
614
598
598
598
598
598
554
554
554
554
554
532
532
532
532
532
510
510
510
510
510
510
491
491
491
491
491
474
474
474
474
474
461
461
461
461
461
461
460
460
460
460
460
450
450
450
450
450
450
441
441
441
441
441
442
442
442
442
442
429
429
429
429
429
429
429
429
429
429
429
418
418
418
418
418
411
411
411
411
411
395
395
395
395
395
395
380
380
380
380
380
392
392
392
392
392
392
390
390
390
390
390
390
390
390
390
390
389
389
389
389
389
400
400
400
400
400
400
402
402
402
402
402
424
424
424
424
424
420
420
420
420
420
420
449
449
449
449
449
450
450
450
450
450
450
460
460
460
460
460
463
463
463
463
463
458
458
458
458
458
455
455
455
455
455
455
447
447
447
447
447
440
440
440
440
440
429
429
429
429
429
429
426
426
426
426
426
412
412
412
412
412
412
420
420
420
420
420
435
435
435
435
435
452
452
452
452
452
477
477
477
477
477
477
511
511
511
511
511
545
545
545
545
545
582
582
582
582
582
582
622
622
622
622
622
642
642
642
642
642
642
677
677
677
677
677
706
706
706
706
706
723
723
723
723
723
745
745
745
745
745
745
766
766
766
766
766
789
789
789
789
789
788
788
788
788
788
788
805
805
805
805
805
824
824
824
824
824
824
846
846
846
846
846
850
850
850
850
850
854
854
854
854
854
856
856
856
856
856
856
840
840
840
840
840
811
811
811
811
811
781
781
781
781
781
781
733
733
733
733
733
690
690
690
690
690
690
650
650
650
650
650
594
594
594
594
594
554
554
554
554
554
520
520
520
520
520
520
476
476
476
476
476
454
454
454
454
454
423
423
423
423
423
423
417
417
417
417
417
404
404
404
404
404
404
382
382
382
382
382
376
376
376
376
376
379
379
379
379
379
388
388
388
388
388
388
408
408
408
408
408
417
417
417
417
417
412
412
412
412
412
412
433
433
433
433
433
440
440
440
440
440
440
461
461
461
461
461
462
462
462
462
462
472
472
472
472
472
483
483
483
483
483
483
493
493
493
493
493
513
513
513
513
513
521
521
521
521
521
521
525
525
525
525
525
541
541
541
541
541
541
556
556
556
556
556
568
568
568
568
568
594
594
594
594
594
605
605
605
605
605
605
643
643
643
643
643
647
647
647
647
647
669
669
669
669
669
669
684
684
684
684
684
700
700
700
700
700
700
724
724
724
724
724
748
748
748
748
748
763
763
763
763
763
781
781
781
781
781
781
793
793
793
793
793
794
794
794
794
794
793
793
793
793
793
793
797
797
797
797
797
798
798
798
798
798
798
815
815
815
815
815
822
822
822
822
822
846
846
846
846
846
870
870
870
870
870
870
909
909
909
909
909
922
922
922
922
922
961
961
961
961
961
961
973
973
973
973
973
984
984
984
984
984
984
979
979
979
979
979
990
990
990
990
990
973
973
973
973
973
955
955
955
955
955
955
941
941
941
941
941
911
911
911
911
872
872
872
872
872
872
849
849
849
849
849
810
810
810
810
810
810
779
779
779
779
779
749
749
749
749
749
720
720
720
720
720
703
703
703
703
703
703
680
680
680
680
680
650
650
650
650
650
629
629
629
629
629
629
629
629
629
629
629
607
607
607
607
607
607
579
579
579
579
579
563
563
563
563
563
549
549
549
549
549
554
554
554
554
554
554
533
533
533
533
533
540
540
540
540
540
552
552
552
552
552
552
573
573
573
573
573
591
591
591
591
591
591
598
598
598
598
598
622
622
622
622
622
618
618
618
618
618
629
629
629
629
629
629
632
632
632
632
632
613
613
613
613
613
597
597
597
597
597
597
582
582
582
582
582
559
559
559
559
559
559
526
526
526
526
526
498
498
498
498
498
484
484
484
484
484
445
445
445
445
445
445
424
424
424
424
424
385
385
385
385
385
362
362
362
362
362
362
345
345
345
345
345
351
351
351
351
351
351
347
347
347
347
347
354
354
354
354
354
370
370
370
370
370
377
377
377
377
377
377
406
406
406
406
406
454
454
454
454
454
478
478
478
478
478
478
533
533
533
533
533
582
582
582
582
582
582
633
633
633
633
633
709
709
709
709
709
776
776
776
776
776
852
852
852
852
852
852
909
909
909
909
909
961
961
961
961
961
1017
1017
1017
1017
1017
1017
1051
1051
1051
1051
1051
1066
1066
1066
1066
1066
1066
1072
1072
1072
1072
1072
1054
1054
1054
1054
1054
1045
1045
1045
1045
1045
1008
1008
1008
1008
1008
1008
958
958
958
958
958
907
907
907
907
907
850
850
850
850
850
850
788
788
788
788
788
736
736
736
736
736
736
695
695
695
695
695
628
628
628
628
628
588
588
588
588
588
547
547
547
547
547
547
497
497
497
497
497
462
462
462
462
462
435
435
435
435
435
435
452
452
452
452
452
433
433
433
433
433
433
436
436
436
436
436
451
451
451
451
451
464
464
464
464
464
473
473
473
473
473
473
513
513
513
513
513
552
552
552
552
552
615
615
615
615
615
615
660
660
660
660
660
725
725
725
725
725
725
774
774
774
774
774
808
808
808
808
808
851
851
851
851
851
893
893
893
893
893
893
915
915
915
915
915
926
926
926
926
926
919
919
919
919
919
919
907
907
907
907
907
873
873
873
873
873
873
863
863
863
863
863
782
782
782
782
782
753
753
753
753
753
700
700
700
700
700
700
646
646
646
646
646
606
606
606
606
606
569
569
569
569
569
569
521
521
521
521
521
474
474
474
474
474
474
450
450
450
450
450
414
414
414
414
414
409
409
409
409
409
390
390
390
390
390
390
386
386
386
386
386
388
388
388
388
388
405
405
405
405
405
405
413
413
413
413
413
437
437
437
437
437
437
459
459
459
459
459
466
466
466
466
466
519
519
519
519
519
548
548
548
548
548
548
590
590
590
590
590
612
612
612
612
612
639
639
639
639
639
639
674
674
674
674
674
690
690
690
690
690
690
713
713
713
713
713
730
730
730
730
730
740
740
740
740
740
743
743
743
743
743
743
738
738
738
738
738
729
729
729
729
729
733
733
733
733
733
733
712
712
712
712
712
692
692
692
692
692
692
665
665
665
665
665
659
659
659
659
659
633
633
633
633
633
614
614
614
614
614
614
578
578
578
578
578
573
573
573
573
573
544
544
544
544
544
544
514
514
514
514
514
496
496
496
496
496
496
492
492
492
492
492
460
460
460
460
460
467
467
467
467
467
478
478
478
478
478
478
476
476
476
476
476
474
474
474
474
474
501
501
501
501
501
501
512
512
512
512
512
528
528
528
528
528
528
552
552
552
552
552
561
561
561
561
561
567
567
567
567
567
595
595
595
595
595
595
617
617
617
617
617
630
630
630
630
630
650
650
650
650
650
650
673
673
673
673
673
690
690
690
690
690
690
702
702
702
702
702
729
729
729
729
729
738
738
738
738
738
758
758
758
758
758
758
756
756
756
756
756
767
767
767
767
767
761
761
761
761
761
761
770
770
770
770
770
730
730
730
730
730
730
717
717
717
717
717
705
705
705
705
705
683
683
683
683
683
656
656
656
656
656
656
642
642
642
642
642
611
611
611
611
611
593
593
593
593
593
593
553
553
553
553
553
533
533
533
533
533
533
520
520
520
520
520
505
505
505
505
505
487
487
487
487
487
470
470
470
470
470
470
460
460
460
460
460
456
456
456
456
456
432
432
432
432
432
432
463
463
463
463
463
461
461
461
461
461
461
464
464
464
464
464
469
469
469
469
469
495
495
495
495
495
513
513
513
513
513
513
541
541
541
541
541
562
562
562
562
562
596
596
596
596
596
596
611
611
611
611
611
625
625
625
625
625
625
669
669
669
669
669
673
673
673
673
673
701
701
701
701
701
710
710
710
710
710
710
700
700
700
700
700
721
721
721
721
721
706
706
706
706
706
706
706
706
706
706
706
710
710
710
710
710
710
699
699
699
699
699
675
675
675
675
675
657
657
657
657
657
645
645
645
645
645
645
629
629
629
629
629
609
609
609
609
609
585
585
585
585
585
585
553
553
553
553
553
549
549
549
549
549
549
552
552
552
552
552
544
544
544
544
544
522
522
522
522
522
537
537
537
537
537
537
524
524
524
524
524
546
546
546
546
546
557
557
557
557
557
557
593
593
593
593
593
584
584
584
584
584
584
615
615
615
615
615
631
631
631
631
631
649
649
649
649
649
668
668
668
668
668
668
689
689
689
689
689
692
692
692
692
692
701
701
701
701
701
701
695
695
695
695
695
698
698
698
698
698
698
697
697
697
697
697
679
679
679
679
679
697
697
697
697
697
672
672
672
672
672
672
658
658
658
658
658
659
659
659
659
659
658
658
658
658
658
658
655
655
655
655
655
638
638
638
638
638
638
630
630
630
630
630
616
616
616
616
616
603
603
603
603
603
607
607
607
607
607
607
589
589
589
589
589
570
570
570
570
570
554
554
554
554
554
554
571
571
571
571
571
555