397
397
397
394
394
394
394
394
394
394
394
394
394
399
399
399
399
399
399
393
393
393
393
393
405
405
405
405
405
412
412
412
412
412
412
376
376
376
376
376
401
401
401
401
401
373
373
373
373
373
373
383
383
383
383
383
391
391
391
391
391
401
401
401
401
401
401
398
398
398
398
398
391
391
391
391
391
384
384
384
384
384
384
402
402
402
402
402
395
395
395
395
395
394
394
394
394
394
394
400
400
400
400
400
390
390
390
390
390
421
421
421
421
421
421
383
383
383
383
383
390
390
390
390
390
404
404
404
404
404
404
387
387
387
387
387
411
411
411
411
411
408
408
408
408
408
408
395
395
395
395
395
384
384
384
384
384
400
400
400
400
400
400
382
382
382
382
382
412
412
412
412
412
404
404
404
404
404
404
392
392
392
392
392
384
384
384
384
384
377
377
377
377
377
377
368
368
368
368
368
387
387
387
387
387
382
382
382
382
382
382
401
401
401
401
401
410
410
410
410
410
392
392
392
392
392
392
400
400
400
400
400
421
421
421
421
421
399
399
399
399
399
399
421
421
421
421
421
405
405
405
405
405
392
392
392
392
392
392
395
395
395
395
395
362
362
362
362
362
373
373
373
373
373
373
369
369
369
369
369
383
383
383
383
383
415
415
415
415
415
415
377
377
377
377
377
383
383
383
383
383
387
387
387
387
387
387
410
410
410
410
410
412
412
412
412
412
399
399
399
399
399
399
393
393
393
393
393
407
407
407
407
407
380
380
380
380
380
380
399
399
399
399
399
382
382
382
382
382
399
399
399
399
399
399
394
394
394
394
394
412
412
412
412
412
404
404
404
404
404
404
407
407
407
407
407
413
413
413
413
413
406
406
406
406
406
406
421
421
421
421
421
407
407
407
407
407
391
391
391
391
391
391
408
408
408
408
408
380
380
380
380
380
384
384
384
384
384
384
381
381
381
381
381
400
400
400
400
400
376
376
376
376
376
376
377
377
377
377
377
386
386
386
386
386
371
371
371
371
371
371
370
370
370
370
370
390
390
390
390
390
368
368
368
368
368
368
374
374
374
374
374
368
368
368
368
368
387
387
387
387
387
387
342
342
342
342
342
367
367
367
367
367
352
352
352
352
352
352
368
368
368
368
368
372
372
372
372
372
344
344
344
344
344
344
345
345
345
345
348
348
348
348
348
359
359
359
359
359
359
332
332
332
332
332
333
333
333
333
333
346
346
346
346
346
346
355
355
355
355
355
362
362
362
362
362
354
354
354
354
354
354
351
351
351
351
351
347
347
347
347
347
354
354
354
354
354
354
353
353
353
353
353
346
346
346
346
346
370
370
370
370
370
370
385
385
385
385
385
382
382
382
382
382
397
397
397
397
397
397
495
495
495
495
495
616
616
616
616
616
846
846
846
846
846
846
1045
1045
1045
1045
1045
1176
1176
1176
1176
1176
1327
1327
1327
1327
1327
1381
1381
1381
1381
1381
1352
1352
1352
1352
1352
1214
1214
1214
1214
1214
1214
1072
1072
1072
1072
940
940
940
940
940
749
749
749
749
749
749
607
607
607
607
607
519
519
519
519
519
467
467
467
467
467
467
449
449
449
449
435
435
435
435
435
433
433
433
433
433
433
438
438
438
438
438
414
414
414
414
414
394
394
394
394
394
407
407
407
407
407
379
379
379
379
379
380
380
380
380
380
380
370
370
370
370
370
366
366
366
366
368
368
368
368
368
368
365
365
365
365
365
382
382
382
382
382
377
377
377
377
377
373
373
373
373
373
417
417
417
417
417
425
425
425
425
425
425
438
438
438
438
438
488
488
488
488
488
484
484
484
484
484
484
475
475
475
475
475
471
471
471
471
471
459
459
459
459
459
459
422
422
422
422
422
390
390
390
390
390
366
366
366
366
366
366
374
374
374
374
374
351
351
351
351
351
350
350
350
350
350
350
349
349
349
349
347
347
347
347
347
368
368
368
368
368
368
365
365
365
365
365
377
377
377
377
377
389
389
389
389
389
389
420
420
420
420
420
423
423
423
423
423
495
495
495
495
495
495
509
509
509
509
509
513
513
513
513
513
544
544
544
544
544
544
518
518
518
518
501
501
501
501
501
481
481
481
481
481
481
457
457
457
457
457
431
431
431
431
431
470
470
470
470
470
470
485
485
485
485
485
507
507
507
507
507
488
488
488
488
488
488
504
504
504
504
504
539
539
539
539
539
528
528
528
528
528
528
494
494
494
494
494
507
507
507
507
507
481
481
481
481
481
481
500
500
500
500
500
482
482
482
482
482
545
545
545
545
545
545
573
573
573
573
573
687
687
687
687
687
727
727
727
727
727
727
820
820
820
820
820
821
821
821
821
821
810
810
810
810
810
810
679
679
679
679
679
558
558
558
558
558
472
472
472
472
472
472
419
419
419
419
419
389
389
389
389
389
365
365
365
365
365
365
379
379
379
379
379
355
355
355
355
355
361
361
361
361
361
361
365
365
365
365
365
377
377
377
377
377
381
381
381
381
381
381
386
386
386
386
386
390
390
390
390
390
395
395
395
395
395
395
374
374
374
374
374
395
395
395
395
395
377
377
377
377
377
377
392
392
392
392
392
391
391
391
391
391
372
372
372
372
372
372
371
371
371
371
371
391
391
391
391
391
373
373
373
373
373
373
405
405
405
405
405
398
398
398
398
398
376
376
376
376
376
376
361
361
361
361
361
357
357
357
357
357
356
356
356
356
356
356
363
363
363
363
363
338
338
338
338
338
340
340
340
340
340
340
342
342
342
342
342
344
344
344
344
344
351
351
351
351
351
351
364
364
364
364
364
336
336
336
336
336
349
349
349
349
349
349
354
354
354
354
354
367
367
367
367
367
380
380
380
380
380
380
415
415
415
415
415
428
428
428
428
428
533
533
533
533
533
533
666
666
666
666
666
817
817
817
817
817
967
967
967
967
967
967
1038
1038
1038
1038
1038
1108
1108
1108
1108
1108
1088
1088
1088
1088
1088
1088
1143
1143
1143
1143
1143
1062
1062
1062
1062
1062
1017
1017
1017
1017
1017
1017
953
953
953
953
953
812
812
812
812
812
704
704
704
704
704
704
580
580
580
580
580
500
500
500
500
500
425
425
425
425
425
425
399
399
399
399
399
375
375
375
375
375
354
354
354
354
354
354
334
334
334
334
334
324
324
324
324
324
333
333
333
333
333
333
316
316
316
316
316
313
313
313
313
313
312
312
312
312
312
312
307
307
307
307
307
317
317
317
317
317
342
342
342
342
342
342
336
336
336
336
336
345
345
345
345
345
379
379
379
379
379
379
384
384
384
384
384
424
424
424
424
424
514
514
514
514
514
514
574
574
574
574
574
723
723
723
723
723
773
773
773
773
773
773
828
828
828
828
828
840
840
840
840
840
779
779
779
779
779
779
692
692
692
692
692
600
600
600
600
600
495
495
495
495
495
495
451
451
451
451
451
401
401
401
401
401
372
372
372
372
372
372
355
355
355
355
355
346
346
346
346
346
337
337
337
337
337
337
326
326
326
326
326
322
322
322
322
322
319
319
319
319
319
319
319
319
319
319
319
318
318
318
318
318
319
319
319
319
319
319
295
295
295
295
295
332
332
332
332
332
332
332
332
332
332
332
332
332
332
332
332
360
360
360
360
360
367
367
367
367
367
367
362
362
362
362
362
406
406
406
406
406
435
435
435
435
435
435
470
470
470
470
470
546
546
546
546
546
634
634
634
634
634
634
666
666
666
666
666
687
687
687
687
687
731
731
731
731
731
731
733
733
733
733
733
723
723
723
723
723
703
703
703
703
703
703
669
669
669
669
669
601
601
601
601
601
537
537
537
537
537
537
502
502
502
502
502
417
417
417
417
417
396
396
396
396
396
396
370
370
370
370
370
343
343
343
343
343
330
330
330
330
330
330
334
334
334
334
334
336
336
336
336
336
320
320
320
320
320
320
322
322
322
322
322
322
322
322
322
322
324
324
324
324
324
324
336
336
336
336
336
345
345
345
345
345
325
325
325
325
325
325
318
318
318
318
318
342
342
342
342
342
325
325
325
325
325
325
348
348
348
348
348
325
325
325
325
325
346
346
346
346
346
346
358
358
358
358
358
356
356
356
356
356
366
366
366
366
366
366
390
390
390
390
390
403
403
403
403
403
416
416
416
416
416
416
437
437
437
437
437
469
469
469
469
469
488
488
488
488
488
488
536
536
536
536
536
534
534
534
534
534
543
543
543
543
543
543
572
572
572
572
572
500
500
500
500
500
492
492
492
492
492
492
503
503
503
503
503
483
483
483
483
483
481
481
481
481
481
481
466
466
466
466
466
494
494
494
494
494
459
459
459
459
459
459
443
443
443
443
443
433
433
433
433
433
439
439
439
439
439
439
413
413
413
413
413
410
410
410
410
410
392
392
392
392
392
392
425
425
425
425
425
406
406
406
406
406
409
409
409
409
409
409
398
398
398
398
398
445
445
445
445
445
384
384
384
384
384
384
419
419
419
419
419
433
433
433
433
433
436
436
436
436
436
436
467
467
467
467
467
448
448
448
448
448
495
495
495
495
495
495
463
463
463
463
463
474
474
474
474
474
501
501
501
501
501
501
484
484
484
484
484
486
486
486
486
486
487
487
487
487
487
487
459
459
459
459
459
468
468
468
468
468
445
445
445
445
445
445
434
434
434
434
434
457
457
457
457
457
465
465
465
465
465
465
431
431
431
431
431
441
441
441
441
441
423
423
423
423
423
423
420
420
420
420
420
410
410
410
410
410
413
413
413
413
413
413
394
394
394
394
394
423
423
423
423
423
424
424
424
424
424
424
398
398
398
398
398
388
388
388
388
388
392
392
392
392
392
392
382
382
382
382
382
398
398
398
398
398
372
372
372
372
372
372
361
361
361
361
361
371
371
371
371
371
346
346
346
346
346
346
373
373
373
373
373
362
362
362
362
362
358
358
358
358
358
358
368
368
368
368
368
355
355
355
355
355
370
370
370
370
370
370
360
360
360
360
360
355
355
355
355
355
362
362
362
362
362
362
336
336
336
336
336
370
370
370
370
370
355
355
355
355
355
355
353
353
353
353
353
354
354
354
354
354
383
383
383
383
383
383
375
375
375
375
375
398
398
398
398
398
408
408
408
408
408
408
407
407
407
407
407
417
417
417
417
417
441
441
441
441
441
441
434
434
434
434
434
472
472
472
472
472
469
469
469
469
469
469
506
506
506
506
506
518
518
518
518
518
535
535
535
535
535
535
537
537
537
537
537
535
535
535
535
535
497
497
497
497
497
497
517
517
517
517
517
484
484
484
484
484
463
463
463
463
463
463
456
456
456
456
456
423
423
423
423
423
395
395
395
395
395
395
407
407
407
407
407
380
380
380
380
380
378
378
378
378
378
378
382
382
382
382
382
370
370
370
370
370
378
378
378
378
378
378
347
347
347
347
347
381
381
381
381
381
374
374
374
374
374
374
380
380
380
380
380
380
380
380
380
380
370
370
370
370
370
370
408
408
408
408
408
401
401
401
401
401
414
414
414
414
414
414
414
414
414
414
414
402
402
402
402
402
396
396
396
396
396
396
410
410
410
410
410
426
426
426
426
426
433
433
433
433
433
433
426
426
426
426
426
427
427
427
427
427
420
420
420
420
420
420
455
455
455
455
455
424
424
424
424
424
435
435
435
435
435
435
421
421
421
421
421
420
420
420
420
420
424
424
424
424
424
424
405
405
405
405
405
404
404
404
404
404
404
404
404
404
404
404
396
396
396
396
396
393
393
393
393
393
396
396
396
396
396
396
379
379
379
379
379
384
384
384
384
384
401
401
401
401
401
401
371
371
371
371
371
372
372
372
372
372
369
369
369
369
369
369
363
363
363
363
363
358
358
358
358
358
367
367
367
367
367
367
368
368
368
368
368
373
373
373
373
373
361
361
361
361
361
361
368
368
368
368
368
367
367
367
367
367
364
364
364
364
364
364
375
375
375
375
375
379
379
379
379
379
373
373
373
373
373
373
396
396
396
396
396
391
391
391
391
391
400
400
400
400
400
400
400
400
400
400
400
425
425
425
425
425
416
416
416
416
416
416
447
447
447
447
447
435
435
435
435
435
443
443
443
443
443
443
451
451
451
451
451
462
462
462
462
462
437
437
437
437
437
437
444
444
444
444
444
439
439
439
439
439
444
444
444
444
444
444
414
414
414
414
414
408
408
408
408
408
407
407
407
407
407
407
397
397
397
397
397
372
372
372
372
372
383
383
383
383
383
383
370
370
370
370
370
367
367
367
367
367
379
379
379
379
379
379
374
374
374
374
374
373
373
373
373
373
387
387
387
387
387
387
370
370
370
370
370
375
375
375
375
375
371
371
371
371
371
371
378
378
378
378
378
387
387
387
387
387
386
386
386
386
386
386
399
399
399
399
399
391
391
391
391
391
384
384
384
384
384
384
405
405
405
405
405
402
402
402
402
402
427
427
427
427
427
427
436
436
436
436
436
427
427
427
427
427
456
456
456
456
456
456
464
464
464
464
464
458
458
458
458
458
491
491
491
491
491
491
501
501
501
501
501
507
507
507
507
507
485
485
485
485
485
485
472
472
472
472
472
446
446
446
446
446
458
458
458
458
458
458
463
463
463
463
463
425
425
425
425
425
400
400
400
400
400
400
396
396
396
396
396
395
395
395
395
395
382
382
382
382
382
382
360
360
360
360
360
366
366
366
366
366
359
359
359
359
359
359
364
364
364
364
364
353
353
353
353
353
353
353
353
353
353
353
349
349
349
349
349
365
365
365
365
365
348
348
348
348
348
348
366
366
366
366
366
373
373
373
373
373
358
358
358
358
358
358
386
386
386
386
386
386
386
386
386
386
392
392
392
392
392
392
387
387
387
387
387
422
422
422
422
422
428
428
428
428
428
428
437
437
437
437
437
469
469
469
469
469
449
449
449
449
449
449
471
471
471
471
471
456
456
456
456
456
448
448
448
448
448
448
433
433
433
433
433
432
432
432
432
432
408
408
408
408
408
408
388
388
388
388
388
389
389
389
389
389
362
362
362
362
362
362
375
375
375
375
381
381
381
381
381
377
377
377
377
377
377
375
375
375
375
375
368
368
368
368
368
373
373
373
373
373
373
367
367
367
367
367
373
373
373
373
373
371
371
371
371
371
371
374
374
374
374
374
375
375
375
375
375
379
379
379
379
379
379
389
389
389
389
389
389
389
389
389
389
397
397
397
397
397
397
410
410
410
410
410
396
396
396
396
396
413
413
413
413
413
413
416
416
416
416
416
414
414
414
414
414
425
425
425
425
425
425
433
433
433
433
433
438
438
438
438
438
436
436
436
436
436
436
434
434
434
434
434
439
439
439
439
439
449
449
449
449
449
449
436
436
436
436
436
429
429
429
429
429
430
430
430
430
430
430
424
424
424
424
424
428
428
428
428
428
421
421
421
421
421
421
409
409
409
409
409
393
393
393
393
393
401
401
401
401
401
401
410
410
410
410
410
383
383
383
383
383
394
394
394
394
394
394
387
387
387
387
387
392
392
392
392
392
396
396
396
396
396
396
405
405
405
405
405
393
393
393
393
393
398
398
398
398
398
398
420
420
420
420
420
410
410
410
410
410
426
426
426
426
426
426
432
432
432
432
432
427
427
427
427
427
411
411
411
411
411
411
428
428
428
428
428
415
415
415
415
415
411
411
411
411
411
411
405
405
405
405
405
398
398
398
398
398
391
391
391
391
391
391
399
399
399
399
399
402
402
402
402
402
388
388
388
388
388
388
399
399
399
399
399
378
378
378
378
378
381
381
381
381
381
381
385
385
385
385
385
379
379
379
379
379
387
387
387
387
387
387
388
388
388
388
388
374
374
374
374
374
385
385
385
385
385
385
379
379
379
379
379
369
369
369
369
369
393
393
393
393
393
393
380
380
380
380
380
397
397
397
397
397
387
387
387
387
387
387
398
398
398
398
398
388
388
388
388
388
406
406
406
406
406
406
402
402
402
402
402
395
395
395
395
395
402
402
402
402
402
402
409
409
409
409
409
417
417
417
417
417
401
401
401
401
401
401
414
414
414
414
414
410
410
410
410
410
412
412
412
412
412
412
406
406
406
406
406
410
410
410
410
410
404
404
404
404
404
404
413
413
413
413
413
417
417
417
417
417
392
392
392
392
392
392
419
419
419
419
419
409
409
409
409
409
399
399
399
399
399
399
395
395
395
395
395
390
390
390
390
390
409
409
409
409
409
409
386
386
386
386
386
399
399
399
399
399
391
391
391
391
391
391
416
416
416
416
416
404
404
404
404
404
398
398
398
398
398
398
397
397
397
397
397
401
401
401
401
401
379
379
379
379
379
379
393
393
393
393
393
391
391
391
391
391
386
386
386
386
386
386
398
398
398
398
398
409
409
409
409
409
416
416
416
416
416
416
416
416
416
416
416
436
436
436
436
436
433
433
433
433
433
433
430
430
430
430
430
437
437
437
437
437
433
433
433
433
433
433
407
407
407
407
407
415
415
415
415
415
409
409
409
409
409
409
403
403
403
403
403
399
399
399
399
399
406
406
406
406
406
406
386
386
386
386
386
386
386
386
386
386
403
403
403
403
403
403
375
375
375
375
375
388
388
388
388
388
374
374
374
374
374
374
394
394
394
394
394
403
403
403
403
403
406
406
406
406
406
406
416
416
416
416
416
393
393
393
393
393
392
392
392
392
392
392
385
385
385
385
385
386
386
386
386
386
402
402
402
402
402
402
383
383
383
383
383
393
393
393
393
393
396
396
396
396
396
396
410
410
410
410
410
392
392
392
392
392
424
424
424
424
424
424
425
425
425
425
425
416
416
416
416
416
396
396
396
396
396
396
408
408
408
408
408
391
391
391
391
391
387
387
387
387
387
387
401
401
401
401
401
435
435
435
435
435
410
410
410
410
410
410
421
421
421
421
421
417
417
417
417
417
396
396
396
396
396
396
385
385
385
385
385
403
403
403
403
403
390
390
390
390
390
390
385
385
385
385
385
391
391
391
391
391
389
389
389
389
389
389
389
389
389
389
389
396
396
396
396
396
378
378
378
378
378
378
380
380
380
380
380
426
426
426
426
426
379
379
379
379
379
379
402
402
402
402
402
405
405
405
405
405
399
399
399
399
399
399
394
394
394
394
394
405
405
405
405
405
392
392
392
392
392
392
398
398
398
398
398
393
393
393
393
393
383
383
383
383
383
383
372
372
372
372
372
408
408
408
408
408
380
380
380
380
380
380
389
389
389
389
389
399
399
399
399
399
385
385
385
385
385
385
388
388
388
388
388
376
376
376
376
376
393
393
393
393
393
393
394
394
394
394
394
407
407
407
407
407
385
385
385
385
385
385
378
378
378
378
378
408
408
408
408
408
416
416
416
416
416
416
399
399
399
399
399
393
393
393
393
393
410
410
410
410
410
410
384
384
384
384
384
379
379
379
379
379
389
389
389
389
389
389
410
410
410
410
410
415
415
415
415
415
386
386
386
386
386
386
390
390
390
390
390
394
394
394
394
394
386
386
386
386
386
386
395
395
395
395
395
394
394
394
394
394
397
397
397
397
397
397
396
396
396
396
396
402
402
402
402
402
412
412
412
412
412
412
418
418
418
418
418
388
388
388
388
388
414
414
414
414
414
414
413
413
413
413
413
406
406
406
406
406
412
412
412
412
412
412
437
437
437
437
437
393
393
393
393
393
376
376
376
376
376
376
403
403
403
403
403
385
385
385
385
385
397
397
397
397
397
397
403
403
403
403
403
385
385
385
385
385
408
408
408
408
408
408
406
406
406
406
406
408
408
408
408
408
400
400
400
400
400
400
403
403
403
403
403
405
405
405
405
405
390
390
390
390
390
390
400
400
400
400
400
406
406
406
406
406
422
422
422
422
422
422
423
423
423
423
423
395
395
395
395
395
399
399
399
399
399
399
418
418
418
418
418
427
427
427
427
427
413
413
413
413
413
413
402
402
402
402
402
401
401
401
401
401
383
383
383
383
383
383
394
394
394
394
394
401
401
401
401
401
383
383
383
383
383
383
385
385
385
385
385
377
377
377
377
377
377
377
377
377
377
377
399
399
399
399
399
414
414
414
414
414
402
402
402
402
402
402
409
409
409
409
409
379
379
379
379
379
393
393
393
393
393
393
390
390
390
390
390
393
393
393
393
393
395
395
395
395
395
395
409
409
409
409
409
403
403
403
403
403
408
408
408
408
408
408
396
396
396
396
396
381
381
381
381
381
380
380
380
380
380
380
400
400
400
400
400
405
405
405
405
405
411
411
411
411
411
411
371
371
371
371
371
395
395
395
395
395
381
381
381
381
381
381
410
410
410
410
410
379
379
379
379
379
398
398
398
398
398
398
415
415
415
415
415
394
394
394
394
394
396
396
396
396
396
396
401
401
401
401
401
404
404
404
404
404
417
417
417
417
417
417
385
385
385
385
385
426
426
426
426
426
390
390
390
390
390
390
423
423
423
423
423
413
413
413
413
413
419
419
419
419
419
419
411
411
411
411
411
407
407
407
407
407
395
395
395
395
395
395
399
399
399
399
399
385
385
385
385
385
403
403
403
403
403
403
403
403
403
403
403
427
427
427
427
427
413
413
413
413
413
413
416
416
416
416
416
446
446
446
446
446
438
438
438
438
438
438
394
394
394
394
394
420
420
420
420
420
419
419
419
419
419
419
426
426
426
426
426
430
430
430
430
430
405
405
405
405
405
405
424
424
424
424
424
390
390
390
390
390
414
414
414
414
414
414
399
399
399
399
399
376
376
376
376
376
391
391
391
391
391
391
402
402
402
402
402
382
382
382
382
382
380
380
380
380
380
380
411
411
411
411
411
387
387
387
387
387
390
390
390
390
390
390
389
389
389
389
389
392
392
392
392
392
382
382
382
382
382
382
387
387
387
387
387
403
403
403
403
403
382
382
382
382
382
382
391
391
391
391
391
379
379
379
379
379
384
384
384
384
384
384
393
393
393
393
393
384
384
384
384
384
402
402
402
402
402
402
387
387
387
387
387
390
390
390
390
390
409
409
409
409
409
409
377
377
377
377
377
418
418
418
418
418
424
424
424
424
424
424
403
403
403
403
403
408
408
408
408
408
439
439
439
439
439
439
410
410
410
410
410
424
424
424
424
424
409
409
409
409
409
409
401
401
401
401
401
412
412
412
412
412
419
419
419
419
419
419
414
414
414
414
414
404
404
404
404
404
405
405
405
405
405
405
408
408
408
408
408
384
384
384
384
384
400
400
400
400
400
400
405
405
405
405
405
390
390
390
390
390
420
420
420
420
420
420
384
384
384
384