385
385
385
385
385
364
364
364
364
364
364
381
381
381
381
381
375
375
375
375
375
360
360
360
360
360
360
367
367
367
367
367
373
373
373
373
373
366
366
366
366
366
366
369
369
369
369
369
400
400
400
400
400
409
409
409
409
409
409
426
426
426
426
426
423
423
423
423
423
450
450
450
450
450
450
426
426
426
426
426
434
434
434
434
434
393
393
393
393
393
393
365
365
365
365
365
362
362
362
362
362
349
349
349
349
349
349
327
327
327
327
327
340
340
340
340
340
324
324
324
324
324
324
331
331
331
331
331
343
343
343
343
343
355
355
355
355
355
355
371
371
371
371
371
406
406
406
406
406
482
482
482
482
482
482
643
643
643
643
643
1014
1014
1014
1014
1014
1286
1286
1286
1286
1286
1286
1549
1549
1549
1549
1549
1713
1713
1713
1713
1713
1721
1721
1721
1721
1721
1721
1536
1536
1536
1536
1536
1247
1247
1247
1247
1247
838
838
838
838
838
838
490
490
490
490
490
373
373
373
373
373
344
344
344
344
344
344
328
328
328
328
328
308
308
308
308
308
310
310
310
310
310
310
310
310
310
310
310
329
329
329
329
329
328
328
328
328
328
328
354
354
354
354
354
370
370
370
370
370
456
456
456
456
456
456
552
552
552
552
552
685
685
685
685
685
866
866
866
866
866
866
939
939
939
939
939
1056
1056
1056
1056
1056
1033
1033
1033
1033
1033
1033
1017
1017
1017
1017
1017
1000
1000
1000
1000
1000
840
840
840
840
840
840
610
610
610
610
610
483
483
483
483
483
419
419
419
419
419
419
375
375
375
375
375
367
367
367
367
367
350
350
350
350
350
350
345
345
345
345
345
365
365
365
365
365
381
381
381
381
381
381
441
441
441
441
441
558
558
558
558
558
918
918
918
918
918
918
1143
1143
1143
1143
1143
1362
1362
1362
1362
1362
1392
1392
1392
1392
1392
1392
1204
1204
1204
1204
1204
947
947
947
947
947
575
575
575
575
575
575
413
413
413
413
413
345
345
345
345
345
330
330
330
330
330
330
313
313
313
313
313
303
303
303
303
303
302
302
302
302
302
302
304
304
304
304
304
309
309
309
309
309
315
315
315
315
315
315
311
311
311
311
311
333
333
333
333
333
317
317
317
317
317
317
324
324
324
324
324
334
334
334
334
334
332
332
332
332
332
332
316
316
316
316
316
322
322
322
322
322
316
316
316
316
316
316
311
311
311
311
311
319
319
319
319
319
309
309
309
309
309
309
314
314
314
314
314
323
323
323
323
323
323
323
323
323
323
323
363
363
363
363
363
353
353
353
353
353
418
418
418
418
418
418
493
493
493
493
493
807
807
807
807
807
1205
1205
1205
1205
1205
1205
1576
1576
1576
1576
1576
1890
1890
1890
1890
1890
2100
2100
2100
2100
2100
2100
2171
2171
2171
2171
2171
2111
2111
2111
2111
2111
2009
2009
2009
2009
2009
2009
1784
1784
1784
1784
1784
1499
1499
1499
1499
1499
1104
1104
1104
1104
1104
1104
812
812
812
812
812
522
522
522
522
522
437
437
437
437
437
437
407
407
407
407
407
379
379
379
379
379
379
379
379
379
379
379
353
353
353
353
353
355
355
355
355
355
357
357
357
357
357
357
347
347
347
347
347
354
354
354
354
354
341
341
341
341
341
341
338
338
338
338
338
334
334
334
334
334
338
338
338
338
338
338
327
327
327
327
327
327
327
327
327
327
310
310
310
310
310
310
301
301
301
301
301
315
315
315
315
315
316
316
316
316
316
316
312
312
312
312
312
337
337
337
337
337
370
370
370
370
370
370
420
420
420
420
420
650
650
650
650
650
1098
1098
1098
1098
1098
1098
1617
1617
1617
1617
1617
1921
1921
1921
1921
1921
2153
2153
2153
2153
2153
2153
2198
2198
2198
2198
2198
2116
2116
2116
2116
2116
1907
1907
1907
1907
1907
1907
1533
1533
1533
1533
1533
1116
1116
1116
1116
1116
762
762
762
762
762
762
516
516
516
516
516
423
423
423
423
423
394
394
394
394
394
394
376
376
376
376
376
361
361
361
361
361
367
367
367
367
367
367
365
365
365
365
365
371
371
371
371
371
357
357
357
357
357
357
354
354
354
354
354
339
339
339
339
339
330
330
330
330
330
330
328
328
328
328
328
317
317
317
317
317
313
313
313
313
313
313
310
310
310
310
310
316
316
316
316
316
318
318
318
318
318
318
329
329
329
329
329
322
322
322
322
322
344
344
344
344
344
344
358
358
358
358
358
386
386
386
386
386
438
438
438
438
438
438
561
561
561
561
561
735
735
735
735
735
905
905
905
905
905
905
960
960
960
960
960
929
929
929
929
929
816
816
816
816
816
816
656
656
656
656
656
510
510
510
510
510
424
424
424
424
424
424
389
389
389
389
389
369
369
369
369
369
345
345
345
345
345
345
344
344
344
344
344
344
344
344
344
344
346
346
346
346
346
346
349
349
349
349
349
360
360
360
360
360
380
380
380
380
380
380
376
376
376
376
376
391
391
391
391
391
398
398
398
398
398
398
375
375
375
375
375
380
380
380
380
380
379
379
379
379
379
379
362
362
362
362
362
357
357
357
357
357
349
349
349
349
349
349
354
354
354
354
354
345
345
345
345
345
350
350
350
350
350
350
359
359
359
359
359
373
373
373
373
373
388
388
388
388
388
388
409
409
409
409
409
416
416
416
416
416
443
443
443
443
443
443
451
451
451
451
451
477
477
477
477
477
510
510
510
510
510
510
484
484
484
484
484
469
469
469
469
469
446
446
446
446
446
446
429
429
429
429
429
405
405
405
405
405
385
385
385
385
385
385
375
375
375
375
375
353
353
353
353
353
347
347
347
347
347
347
341
341
341
341
341
335
335
335
335
335
344
344
344
344
344
344
355
355
355
355
355
378
378
378
378
378
409
409
409
409
409
409
474
474
474
474
474
608
608
608
608
608
826
826
826
826
826
826
1016
1016
1016
1016
1016
1076
1076
1076
1076
1076
1119
1119
1119
1119
1119
1119
1075
1075
1075
1075
1075
982
982
982
982
982
870
870
870
870
870
870
711
711
711
711
711
570
570
570
570
570
478
478
478
478
478
478
447
447
447
447
447
412
412
412
412
412
404
404
404
404
404
404
400
400
400
400
400
412
412
412
412
412
412
412
412
412
412
412
419
419
419
419
419
436
436
436
436
436
433
433
433
433
433
433
436
436
436
436
436
429
429
429
429
429
432
432
432
432
432
432
410
410
410
410
410
405
405
405
405
405
395
395
395
395
395
395
372
372
372
372
372
360
360
360
360
360
351
351
351
351
351
351
356
356
356
356
356
355
355
355
355
355
345
345
345
345
345
345
358
358
358
358
358
351
351
351
351
351
372
372
372
372
372
372
369
369
369
369
369
385
385
385
385
385
398
398
398
398
398
398
441
441
441
441
441
437
437
437
437
437
462
462
462
462
462
462
463
463
463
463
463
447
447
447
447
447
427
427
427
427
427
427
409
409
409
409
409
379
379
379
379
379
365
365
365
365
365
365
351
351
351
351
351
334
334
334
334
334
320
320
320
320
320
320
321
321
321
321
321
324
324
324
324
324
329
329
329
329
329
329
330
330
330
330
330
335
335
335
335
335
346
346
346
346
346
346
370
370
370
370
370
397
397
397
397
397
418
418
418
418
418
418
470
470
470
470
470
520
520
520
520
520
564
564
564
564
564
564
608
608
608
608
608
623
623
623
623
623
626
626
626
626
626
626
610
610
610
610
610
603
603
603
603
603
584
584
584
584
584
584
588
588
588
588
588
604
604
604
604
604
657
657
657
657
657
657
734
734
734
734
734
803
803
803
803
803
873
873
873
873
873
873
933
933
933
933
933
956
956
956
956
956
886
886
886
886
886
886
758
758
758
758
758
604
604
604
604
604
469
469
469
469
469
469
421
421
421
421
421
382
382
382
382
382
358
358
358
358
358
358
345
345
345
345
345
327
327
327
327
327
327
327
327
327
327
327
322
322
322
322
322
325
325
325
325
325
326
326
326
326
326
326
338
338
338
338
338
340
340
340
340
340
348
348
348
348
348
348
361
361
361
361
361
377
377
377
377
377
395
395
395
395
395
395
408
408
408
408
408
426
426
426
426
426
448
448
448
448
448
448
469
469
469
469
469
474
474
474
474
474
461
461
461
461
461
461
472
472
472
472
472
456
456
456
456
456
464
464
464
464
464
464
460
460
460
460
460
467
467
467
467
467
455
455
455
455
455
455
482
482
482
482
482
477
477
477
477
477
469
469
469
469
469
469
465
465
465
465
465
455
455
455
455
455
428
428
428
428
428
428
392
392
392
392
392
393
393
393
393
393
373
373
373
373
373
373
362
362
362
362
362
345
345
345
345
345
353
353
353
353
353
353
348
348
348
348
348
349
349
349
349
349
356
356
356
356
356
356
340
340
340
340
340
358
358
358
358
358
364
364
364
364
364
364
362
362
362
362
362
382
382
382
382
382
375
375
375
375
375
375
381
381
381
381
381
386
386
386
386
386
400
400
400
400
400
400
398
398
398
398
398
396
396
396
396
396
406
406
406
406
406
406
414
414
414
414
414
439
439
439
439
439
439
439
439
439
439
439
459
459
459
459
459
459
459
459
459
459
447
447
447
447
447
447
440
440
440
440
440
425
425
425
425
425
420
420
420
420
420
420
396
396
396
396
396
406
406
406
406
406
392
392
392
392
392
392
402
402
402
402
402
386
386
386
386
386
395
395
395
395
395
395
381
381
381
381
381
380
380
380
380
380
402
402
402
402
402
402
389
389
389
389
389
401
401
401
401
401
403
403
403
403
403
403
396
396
396
396
396
424
424
424
424
424
407
407
407
407
407
407
428
428
428
428
428
430
430
430
430
430
425
425
425
425
425
425
425
425
425
425
425
411
411
411
411
411
408
408
408
408
408
408
400
400
400
400
400
404
404
404
404
404
398
398
398
398
398
398
397
397
397
397
397
386
386
386
386
386
383
383
383
383
383
383
378
378
378
378
378
380
380
380
380
380
375
375
375
375
375
375
382
382
382
382
382
379
379
379
379
379
385
385
385
385
385
385
377
377
377
377
377
367
367
367
367
367
386
386
386
386
386
386
373
373
373
373
373
379
379
379
379
379
365
365
365
365
365
365
370
370
370
370
370
386
386
386
386
386
386
386
386
386
386
386
391
391
391
391
391
403
403
403
403
403
414
414
414
414
414
414
433
433
433
433
433
413
413
413
413
413
433
433
433
433
433
433
427
427
427
427
427
457
457
457
457
457
452
452
452
452
452
452
440
440
440
440
440
450
450
450
450
450
448
448
448
448
448
448
439
439
439
439
439
439
439
439
439
439
436
436
436
436
436
436
447
447
447
447
447
438
438
438
438
438
432
432
432
432
432
432
416
416
416
416
416
416
416
416
416
416
411
411
411
411
411
411
394
394
394
394
394
392
392
392
392
392
372
372
372
372
372
372
365
365
365
365
365
352
352
352
352
352
356
356
356
356
356
356
354
354
354
354
354
351
351
351
351
351
354
354
354
354
354
354
361
361
361
361
361
343
343
343
343
343
364
364
364
364
364
364
377
377
377
377
377
377
377
377
377
377
385
385
385
385
385
385
389
389
389
389
389
397
397
397
397
397
396
396
396
396
396
396
396
396
396
396
396
412
412
412
412
412
402
402
402
402
402
402
412
412
412
412
412
416
416
416
416
416
433
433
433
433
433
433
438
438
438
438
438
430
430
430
430
430
431
431
431
431
431
431
422
422
422
422
422
438
438
438
438
438
414
414
414
414
414
414
419
419
419
419
419
427
427
427
427
427
422
422
422
422
422
422
436
436
436
436
436
430
430
430
430
430
440
440
440
440
440
440
407
407
407
407
407
419
419
419
419
419
407
407
407
407
407
407
392
392
392
392
392
403
403
403
403
403
401
401
401
401
401
401
381
381
381
381
381
369
369
369
369
369
392
392
392
392
392
392
361
361
361
361
361
369
369
369
369
369
381
381
381
381
381
381
385
385
385
385
385
399
399
399
399
399
396
396
396
396
396
396
407
407
407
407
407
428
428
428
428
428
416
416
416
416
416
416
425
425
425
425
425
422
422
422
422
422
423
423
423
423
423
423
423
423
423
423
423
420
420
420
420
420
415
415
415
415
415
415
434
434
434
434
434
415
415
415
415
415
423
423
423
423
423
423
434
434
434
434
434
435
435
435
435
435
435
435
435
435
435
435
422
422
422
422
422
430
430
430
430
430
395
395
395
395
395
395
397
397
397
397
397
397
397
397
397
397
384
384
384
384
384
384
374
374
374
374
374
364
364
364
364
364
376
376
376
376
376
376
372
372
372
372
372
379
379
379
379
379
388
388
388
388
388
388
395
395
395
395
395
393
393
393
393
393
443
443
443
443
443
443
429
429
429
429
429
423
423
423
423
423
413
413
413
413
413
413
419
419
419
419
419
424
424
424
424
424
409
409
409
409
409
409
395
395
395
395
395
391
391
391
391
391
380
380
380
380
380
380
364
364
364
364
364
360
360
360
360
360
375
375
375
375
375
375
380
380
380
380
380
367
367
367
367
367
384
384
384
384
384
384
386
386
386
386
386
417
417
417
417
417
433
433
433
433
433
433
434
434
434
434
434
426
426
426
426
426
408
408
408
408
408
408
386
386
386
386
386
396
396
396
396
396
368
368
368
368
368
368
374
374
374
374
374
389
389
389
389
389
386
386
386
386
386
386
363
363
363
363
363
385
385
385
385
385
399
399
399
399
399
399
403
403
403
403
403
415
415
415
415
415
430
430
430
430
430
430
422
422
422
422
422
431
431
431
431
431
423
423
423
423
423
423
402
402
402
402
402
423
423
423
423
423
404
404
404
404
404
404
405
405
405
405
405
408
408
408
408
408
401
401
401
401
401
401
396
396
396
396
396
389
389
389
389
389
403
403
403
403
403
403
385
385
385
385
385
392
392
392
392
392
386
386
386
386
386
386
412
412
412
412
412
408
408
408
408
408
402
402
402
402
402
402
400
400
400
400
400
404
404
404
404
404
403
403
403
403
403
403
389
389
389
389
389
401
401
401
401
401
385
385
385
385
385
385
386
386
386
386
386
385
385
385
385
385
415
415
415
415
415
415
389
389
389
389
389
397
397
397
397
397
430
430
430
430
430
430
415
415
415
415
415
429
429
429
429
429
426
426
426
426
426
426
428
428
428
428
428
416
416
416
416
416
411
411
411
411
411
411
404
404
404
404
404
405
405
405
405
405
400
400
400
400
400
400
408
408
408
408
408
397
397
397
397
397
394
394
394
394
394
394
385
385
385
385
385
403
403
403
403
403
402
402
402
402
402
402
421
421
421
421
421
404
404
404
404
404
407
407
407
407
407
407
409
409
409
409
409
401
401
401
401
401
399
399
399
399
399
399
399
399
399
399
399
392
392
392
392
392
379
379
379
379
379
379
398
398
398
398
398
375
375
375
375
375
385
385
385
385
385
385
372
372
372
372
372
377
377
377
377
377
373
373
373
373
373
373
374
374
374
374
374
387
387
387
387
387
386
386
386
386
386
386
391
391
391
391
391
400
400
400
400
400
384
384
384
384
384
384
378
378
378
378
378
387
387
387
387
387
394
394
394
394
394
394
400
400
400
400
400
387
387
387
387
387
402
402
402
402
402
402
400
400
400
400
400
382
382
382
382
382
383
383
383
383
383
383
383
383
383
383
383
382
382
382
382
382
381
381
381
381
381
381
366
366
366
366
366
378
378
378
378
378
386
386
386
386
386
386
394
394
394
394
394
388
388
388
388
388
401
401
401
401
401
401
401
401
401
401
401
408
408
408
408
408
398
398
398
398
398
398
397
397
397
397
397
401
401
401
401
401
404
404
404
404
404
404
404
404
404
404
404
389
389
389
389
389
395
395
395
395
395
395
400
400
400
400
400
413
413
413
413
413
406
406
406
406
406
406
401
401
401
401
401
401
401
401
401
401
412
412
412
412
412
412
400
400
400
400
400
398
398
398
398
398
402
402
402
402
402
402
411
411
411
411
411
397
397
397
397
397
393
393
393
393
393
393
392
392
392
392
392
392
392
392
392
392
388
388
388
388
388
388
396
396
396
396
396
399
399
399
399
399
404
404
404
404
404
404
396
396
396
396
396
406
406
406
406
406
408
408
408
408
408
408
402
402
402
402
402
410
410
410
410
410
399
399
399
399
399
399
416
416
416
416
416
408
408
408
408
408
409
409
409
409
409
409
413
413
413
413
413
419
419
419
419
419
410
410
410
410
410
410
412
412
412
412
412
422
422
422
422
422
420
420
420
420
420
420
401
401
401
401
401
410
410
410
410
410
411
411
411
411
411
411
395
395
395
395
395
420
420
420
420
420
405
405
405
405
405
405
403
403
403
403
403
402
402
402
402
402
409
409
409
409
409
409
418
418
418
418
418
380
380
380
380
380
408
408
408
408
408
408
392
392
392
392
392
411
411
411
411
411
392
392
392
392
392
392
424
424
424
424
424
395
395
395
395
395
419
419
419
419
419
419
403
403
403
403
403
417
417
417
417
417
406
406
406
406
406
406
397
397
397
397
397
405
405
405
405
405
405
405
405
405
405
405
410
410
410
410
410
375
375
375
375
375
390
390
390
390
390
390
399
399
399
399
399
397
397
397
397
397
392
392
392
392
392
392
387
387
387
387
387
379
379
379
379
379
389
389
389
389
389
389
384
384
384
384
384
384
384
384
384
384
385
385
385
385
385
385
386
386
386
386
386
372
372
372
372
372
377
377
377
377
377
377
381
381
381
381
381
385
385
385
385
385
386
386
386
386
386
386
398
398
398
398
398
380
380
380
380
380
382
382
382
382
382
382
414
414
414
414
414
405
405
405
405
405
417
417
417
417
417
417
410
410
410
410
410
392
392
392
392
392
404
404
404
404
404
404
393
393
393
393
393
408
408
408
408
408
412
412
412
412
412
412
398
398
398
398
398
387
387
387
387
387
399
399
399
399
399
399
398
398
398
398
398
414
414
414
414
414
413
413
413
413
413
413
408
408
408
408
408
408
408
408
408
408
418
418
418
418
418
418
402
402
402
402
402
415
415
415
415
415
404
404
404
404
404
404
402
402
402
402
402
393
393
393
393
393
393
393
393
393
393
393
404
404
404
404
404
379
379
379
379
379
390
390
390
390
390
390
396
396
396
396
396
398
398
398
398
398
398
398
398
398
398
398
394
394
394
394
394
396
396
396
396
396
394
394
394
394
394
394
398
398
398
398
398
390
390
390
390
390
392
392
392
392
392
392
396
396
396
396
396
381
381
381
381
381
417
417
417
417
417
417
398
398
398
398
398
404
404
404
404
404
414
414
414
414
414
414
395
395
395
395
395
418
418
418
418
418
418
418
418
418
418
418
406
406
406
406
406
420
420
420
420
420
424
424
424
424
424
424
409
409
409
409
409
402
402
402
402
402
398
398
398
398
398
398
381
381
381
381
381
404
404
404
404
404
388
388
388
388
388
388
394
394
394
394
394
394
394
394
394
394
393
393
393
393
393
393
398
398
398
398
398
399
399
399
399
399
402
402
402
402
402
402
422
422
422
422
422
417
417
417
417
417
407
407
407
407
407
407
414
414
414
414
414
399
399
399
399
399
421
421
421
421
421
421
404
404
404
404
404
400
400
400
400
400
389
389
389
389
389
389
397
397
397
397
397
381
381
381
381
381
410
410
410
410
410
410
383
383
383
383
383
399
399
399
399
399
405
405
405
405
405
405
405
405
405
405
405
406
406
406
406
406
405
405
405
405
405
405
408
408
408
408
408
394
394
394
394
394
402
402
402
402
402
402
399
399
399
399
399
381
381
381
381
381
406
406
406
406
406
406
378
378
378
378
378
395
395
395
395
395
391
391
391
391
391
391
411
411
411
411
411
384
384
384
384
384
399
399
399
399
399
399
393
393
393
393
393
389
389
389
389
389
406
406
406
406
406
406
412
412
412
412
412
410
410
410
410
410
403
403
403
403
403
403
383
383
383
383
383
396
396
396
396
396
397
397
397
397
397
397
395
395
395
395
395
390
390
390
390
390
388
388
388
388
388
388
397
397
397
397
397
379
379
379
379
379
384
384
384
384
384
384
401
401
401
401
401
423
423
423
423
423
404
404
404
404
404
404
413
413
413
413
413
411
411
411
411
411
422
422
422
422
422
422
423
423
423
423
423
409
409
409
409
409
401
401
401
401
401
401
390
390
390
390
390
406
406
406
406
406
387
387
387
387
387
387
383
383
383
383
383
392
392
392
392
392
386
386
386
386
386
386
393
393
393
393
393
378
378
378
378
378
375
375
375
375
375
375
393
393
393
393
393
386
386
386
386
386
390
390
390
390
390
390
394
394
394
394
394
394
394
394
394
394
409
409
409
409
409
409
411
411
411
411
411
416
416
416
416
416
410
410
410
410
410
410
420
420
420
420
420
400
400
400
400
400
412
412
412
412
412
412
407
407
407
407
407
405
405
405
405
405
383
383
383
383
383
383
391
391
391
391
391
394
394
394
394
394
380
380
380
380
380
380
396
396
396
396
396
411
411
411
411
411
381
381
381
381
381
381
405
405
405
405
405
395
395
395
395
395
412
412
412
412
412
412
413
413
413
413
413
412
412
412
412
412
415
415
415
415
415
415
408
408
408
408
408
413
413
413
413
413
406
406
406
406
406
406
398
398
398
398
398
426
426
426
426
426
414
414
414
414
414
414
414
414
414
414
414
391
391
391
391
391
407
407
407
407
407
407
396
396
396
396
396
403
403
403
403
403
407
407
407
407
407
407
396
396
396
396
396
402
402
402
402
402
383
383
383
383
383
383
405
405
405
405
405
403
403
403
403
403
389
389
389
389
389
389
391
391
391
391
391
391
391
391
391
391
390
390
390
390
390
390
373
373
373
373
373
385
385
385
385
385
403
403
403
403
403
403
392
392
392
392
392
399
399
399
399
399
391
391
391
391
391
391
410
410
410
410
410
405
405
405
405
405
402
402
402
402
402
402
409
409
409
409
409
401
401
401
401
401
411
411
411
411
411
411
400
400
400
400
400
411
411
411
411
411
402
402
402
402
402
402
403
403
403
403
403
389
389
389
389
389
407
407
407
407
407
407
399
399
399
399
399
411
411
411
411
411
405
405
405
405
405
405
402
402
402
402
402
402
402
402
402
402
401
401
401
401
401
401
413
413
413
413
413
394
394
394
394
394
404
404
404
404
404
404
411
411
411
411
411
401
401
401
401
401
392
392
392
392
392
392
402
402
402
402
402
398
398
398
398
398
395
395
395
395
395
395
393
393
393
393
393
391
391
391
391
391
381
381
381
381
381
381
401
401
401
401
401
397
397
397
397
397
390
390
390
390
390
390
398
398
398
398
398
408
408
408
408
408
402
402
402
402
402
402
389
389
389
389
389
416
416
416
416
416
399
399