892
892
892
832
832
832
832
832
759
759
759
759
759
696
696
696
696
696
696
631
631
631
631
631
575
575
575
575
575
528
528
528
528
528
528
505
505
505
505
505
477
477
477
477
477
451
451
451
451
451
451
438
438
438
438
438
427
427
427
427
427
409
409
409
409
409
409
404
404
404
404
404
397
397
397
397
397
383
383
383
383
383
383
385
385
385
385
385
391
391
391
391
391
402
402
402
402
402
402
424
424
424
424
424
460
460
460
460
460
514
514
514
514
514
514
563
563
563
563
563
612
612
612
612
612
677
677
677
677
677
677
718
718
718
718
718
759
759
759
759
759
814
814
814
814
814
814
824
824
824
824
824
817
817
817
817
817
807
807
807
807
807
807
790
790
790
790
790
770
770
770
770
770
738
738
738
738
738
738
720
720
720
720
720
683
683
683
683
683
655
655
655
655
655
655
646
646
646
646
646
622
622
622
622
622
593
593
593
593
593
593
564
564
564
564
564
551
551
551
551
551
515
515
515
515
515
515
492
492
492
492
492
461
461
461
461
461
442
442
442
442
442
442
449
449
449
449
449
447
447
447
447
447
461
461
461
461
461
461
473
473
473
473
473
516
516
516
516
516
535
535
535
535
535
535
594
594
594
594
594
609
609
609
609
609
629
629
629
629
629
629
652
652
652
652
652
643
643
643
643
643
662
662
662
662
662
662
670
670
670
670
670
663
663
663
663
663
673
673
673
673
673
673
691
691
691
691
691
698
698
698
698
698
700
700
700
700
700
700
672
672
672
672
672
653
653
653
653
653
633
633
633
633
633
633
611
611
611
611
611
598
598
598
598
598
580
580
580
580
580
580
563
563
563
563
563
557
557
557
557
557
558
558
558
558
558
558
558
558
558
558
558
573
573
573
573
573
573
573
573
573
573
573
587
587
587
587
587
608
608
608
608
608
599
599
599
599
599
599
596
596
596
596
596
601
601
601
601
601
612
612
612
612
612
612
616
616
616
616
616
622
622
622
622
622
629
629
629
629
629
629
646
646
646
646
646
662
662
662
662
662
677
677
677
677
677
677
679
679
679
679
679
686
686
686
686
686
694
694
694
694
694
694
682
682
682
682
682
679
679
679
679
679
680
680
680
680
680
680
648
648
648
648
648
631
631
631
631
631
616
616
616
616
616
616
586
586
586
586
586
572
572
572
572
572
560
560
560
560
560
560
538
538
538
538
538
538
538
538
538
538
529
529
529
529
529
529
537
537
537
537
537
549
549
549
549
549
578
578
578
578
578
578
585
585
585
585
585
582
582
582
582
582
593
593
593
593
593
593
579
579
579
579
579
577
577
577
577
577
561
561
561
561
561
561
555
555
555
555
555
547
547
547
547
547
560
560
560
560
560
560
554
554
554
554
554
557
557
557
557
557
578
578
578
578
578
578
583
583
583
583
583
584
584
584
584
584
587
587
587
587
587
587
600
600
600
600
600
602
602
602
602
602
601
601
601
601
601
601
600
600
600
600
600
591
591
591
591
591
592
592
592
592
592
592
585
585
585
585
585
575
575
575
575
575
578
578
578
578
578
578
566
566
566
566
566
577
577
577
577
577
585
585
585
585
585
585
593
593
593
593
593
612
612
612
612
612
626
626
626
626
626
626
628
628
628
628
628
637
637
637
637
637
638
638
638
638
638
638
619
619
619
619
619
617
617
617
617
617
614
614
614
614
614
614
590
590
590
590
590
576
576
576
576
576
583
583
583
583
583
583
573
573
573
573
573
575
575
575
575
575
575
575
575
575
575
575
596
596
596
596
596
621
621
621
621
621
634
634
634
634
634
634
663
663
663
663
663
680
680
680
680
680
704
704
704
704
704
704
718
718
718
718
718
729
729
729
729
729
714
714
714
714
714
714
722
722
722
722
722
707
707
707
707
707
700
700
700
700
700
700
681
681
681
681
681
675
675
675
675
675
668
668
668
668
668
668
664
664
664
664
664
660
660
660
660
660
663
663
663
663
663
663
660
660
660
660
660
672
672
672
672
672
667
667
667
667
667
667
664
664
664
664
664
656
656
656
656
656
657
657
657
657
657
657
639
639
639
639
639
622
622
622
622
622
602
602
602
602
602
602
581
581
581
581
581
561
561
561
561
561
535
535
535
535
535
535
529
529
529
529
529
515
515
515
515
515
514
514
514
514
514
514
523
523
523
523
523
534
534
534
534
534
555
555
555
555
555
555
580
580
580
580
580
593
593
593
593
593
611
611
611
611
611
611
629
629
629
629
629
624
624
624
624
624
629
629
629
629
629
629
622
622
622
622
622
613
613
613
613
613
590
590
590
590
590
590
576
576
576
576
576
555
555
555
555
555
544
544
544
544
544
544
542
542
542
542
542
546
546
546
546
546
568
568
568
568
568
568
597
597
597
597
597
623
623
623
623
623
654
654
654
654
654
654
689
689
689
689
689
695
695
695
695
695
712
712
712
712
712
712
702
702
702
702
702
684
684
684
684
684
657
657
657
657
657
657
610
610
610
610
610
574
574
574
574
574
532
532
532
532
532
532
500
500
500
500
500
472
472
472
472
472
464
464
464
464
464
464
472
472
472
472
472
489
489
489
489
489
516
516
516
516
516
516
547
547
547
547
547
589
589
589
589
589
603
603
603
603
603
603
619
619
619
619
619
626
626
626
626
626
629
629
629
629
629
629
617
617
617
617
617
597
597
597
597
597
574
574
574
574
574
574
551
551
551
551
551
538
538
538
538
538
529
529
529
529
529
529
536
536
536
536
536
553
553
553
553
553
587
587
587
587
587
587
610
610
610
610
610
648
648
648
648
648
675
675
675
675
675
675
705
705
705
705
705
715
715
715
715
715
726
726
726
726
726
726
735
735
735
735
735
712
712
712
712
712
699
699
699
699
699
699
679
679
679
679
679
657
657
657
657
657
638
638
638
638
638
638
630
630
630
630
630
615
615
615
615
615
614
614
614
614
614
614
600
600
600
600
600
599
599
599
599
599
596
596
596
596
596
596
590
590
590
590
590
581
581
581
581
581
571
571
571
571
571
571
583
583
583
583
583
570
570
570
570
570
569
569
569
569
569
569
567
567
567
567
567
573
573
573
573
573
575
575
575
575
575
575
580
580
580
580
580
571
571
571
571
571
579
579
579
579
579
579
581
581
581
581
581
579
579
579
579
579
581
581
581
581
581
581
586
586
586
586
586
585
585
585
585
585
592
592
592
592
592
592
589
589
589
589
589
592
592
592
592
592
599
599
599
599
599
599
604
604
604
604
604
606
606
606
606
606
607
607
607
607
607
607
633
633
633
633
633
644
644
644
644
644
659
659
659
659
659
659
672
672
672
672
672
673
673
673
673
673
677
677
677
677
677
677
665
665
665
665
665
656
656
656
656
656
638
638
638
638
638
638
622
622
622
622
622
596
596
596
596
596
586
586
586
586
586
586
572
572
572
572
572
563
563
563
563
563
568
568
568
568
568
568
564
564
564
564
564
552
552
552
552
552
552
552
552
552
552
552
551
551
551
551
551
545
545
545
545
545
543
543
543
543
543
543
541
541
541
541
541
550
550
550
550
550
559
559
559
559
559
559
572
572
572
572
572
590
590
590
590
590
612
612
612
612
612
612
631
631
631
631
631
642
642
642
642
642
659
659
659
659
659
659
667
667
667
667
667
678
678
678
678
678
656
656
656
656
656
656
642
642
642
642
642
616
616
616
616
616
601
601
601
601
601
601
591
591
591
591
591
580
580
580
580
580
584
584
584
584
584
584
587
587
587
587
587
603
603
603
603
603
621
621
621
621
621
621
646
646
646
646
646
665
665
665
665
665
685
685
685
685
685
685
691
691
691
691
691
707
707
707
707
707
690
690
690
690
690
690
681
681
681
681
681
672
672
672
672
672
652
652
652
652
652
652
649
649
649
649
649
635
635
635
635
635
638
638
638
638
638
638
618
618
618
618
618
634
634
634
634
634
641
641
641
641
641
641
654
654
654
654
654
670
670
670
670
670
676
676
676
676
676
676
688
688
688
688
688
691
691
691
691
691
699
699
699
699
699
699
677
677
677
677
677
682
682
682
682
682
651
651
651
651
651
651
647
647
647
647
647
603
603
603
603
603
594
594
594
594
594
594
570
570
570
570
570
564
564
564
564
564
547
547
547
547
547
547
539
539
539
539
539
553
553
553
553
553
551
551
551
551
551
551
571
571
571
571
571
576
576
576
576
576
618
618
618
618
618
618
633
633
633
633
633
656
656
656
656
656
686
686
686
686
686
686
703
703
703
703
703
717
717
717
717
717
722
722
722
722
722
722
741
741
741
741
741
731
731
731
731
731
729
729
729
729
729
729
712
712
712
712
712
687
687
687
687
687
688
688
688
688
688
688
666
666
666
666
666
639
639
639
639
639
621
621
621
621
621
621
613
613
613
613
613
594
594
594
594
594
578
578
578
578
578
578
572
572
572
572
572
575
575
575
575
575
579
579
579
579
579
579
590
590
590
590
590
622
622
622
622
622
626
626
626
626
626
626
649
649
649
649
649
671
671
671
671
671
659
659
659
659
659
659
667
667
667
667
667
646
646
646
646
646
632
632
632
632
632
632
602
602
602
602
602
567
567
567
567
567
546
546
546
546
546
546
506
506
506
506
506
497
497
497
497
497
495
495
495
495
495
495
493
493
493
493
493
508
508
508
508
508
542
542
542
542
542
542
564
564
564
564
564
584
584
584
584
584
599
599
599
599
599
599
608
608
608
608
608
612
612
612
612
612
581
581
581
581
581
581
567
567
567
567
567
538
538
538
538
538
512
512
512
512
512
512
505
505
505
505
505
512
512
512
512
512
531
531
531
531
531
531
558
558
558
558
558
587
587
587
587
587
626
626
626
626
626
626
667
667
667
667
667
691
691
691
691
691
709
709
709
709
709
709
741
741
741
741
741
737
737
737
737
737
748
748
748
748
748
748
759
759
759
759
759
727
727
727
727
727
738
738
738
738
738
738
728
728
728
728
728
729
729
729
729
729
722
722
722
722
722
722
719
719
719
719
719
723
723
723
723
723
695
695
695
695
695
695
684
684
684
684
684
639
639
639
639
639
628
628
628
628
628
628
587
587
587
587
587
589
589
589
589
589
564
564
564
564
564
564
549
549
549
549
549
555
555
555
555
555
572
572
572
572
572
572
582
582
582
582
582
609
609
609
609
609
624
624
624
624
624
624
628
628
628
628
628
640
640
640
640
640
658
658
658
658
658
658
657
657
657
657
657
675
675
675
675
675
663
663
663
663
663
663
675
675
675
675
675
674
674
674
674
674
703
703
703
703
703
703
706
706
706
706
706
734
734
734
734
734
749
749
749
749
749
749
761
761
761
761
761
779
779
779
779
779
810
810
810
810
810
810
824
824
824
824
824
832
832
832
832
832
847
847
847
847
847
847
826
826
826
826
826
844
844
844
844
844
814
814
814
814
814
814
779
779
779
779
779
739
739
739
739
739
707
707
707
707
707
707
664
664
664
664
664
647
647
647
647
647
609
609
609
609
609
609
599
599
599
599
599
598
598
598
598
598
603
603
603
603
603
603
629
629
629
629
629
666
666
666
666
666
691
691
691
691
691
691
716
716
716
716
716
763
763
763
763
763
773
773
773
773
773
773
785
785
785
785
785
790
790
790
790
790
777
777
777
777
777
777
768
768
768
768
768
755
755
755
755
755
756
756
756
756
756
756
737
737
737
737
737
700
700
700
700
700
679
679
679
679
679
679
650
650
650
650
650
625
625
625
625
625
585
585
585
585
585
585
564
564
564
564
564
533
533
533
533
533
505
505
505
505
505
505
469
469
469
469
469
455
455
455
455
455
458
458
458
458
458
458
460
460
460
460
460
473
473
473
473
473
480
480
480
480
480
480
499
499
499
499
499
547
547
547
547
547
563
563
563
563
563
563
567
567
567
567
567
584
584
584
584
584
605
605
605
605
605
605
597
597
597
597
597
612
612
612
612
612
605
605
605
605
605
605
604
604
604
604
604
586
586
586
586
586
583
583
583
583
583
583
575
575
575
575
575
550
550
550
550
550
569
569
569
569
569
569
572
572
572
572
572
583
583
583
583
583
593
593
593
593
593
593
609
609
609
609
609
630
630
630
630
630
628
628
628
628
628
628
635
635
635
635
635
612
612
612
612
612
596
596
596
596
596
596
548
548
548
548
548
518
518
518
518
518
457
457
457
457
457
457
424
424
424
424
424
382
382
382
382
382
345
345
345
345
345
345
364
364
364
364
364
350
350
350
350
350
383
383
383
383
383
383
409
409
409
409
409
450
450
450
450
450
501
501
501
501
501
501
555
555
555
555
555
615
615
615
615
615
686
686
686
686
686
686
739
739
739
739
739
780
780
780
780
780
816
816
816
816
816
816
853
853
853
853
853
865
865
865
865
865
873
873
873
873
873
873
875
875
875
875
875
854
854
854
854
854
853
853
853
853
853
853
825
825
825
825
825
799
799
799
799
799
819
819
819
819
819
819
805
805
805
805
805
815
815
815
815
815
850
850
850
850
850
850
875
875
875
875
875
907
907
907
907
907
958
958
958
958
958
958
990
990
990
990
990
1013
1013
1013
1013
1013
1027
1027
1027
1027
1027
1027
1002
1002
1002
1002
1002
971
971
971
971
971
927
927
927
927
927
927
870
870
870
870
870
792
792
792
792
792
720
720
720
720
720
720
661
661
661
661
661
582
582
582
582
582
549
549
549
549
549
549
508
508
508
508
508
509
509
509
509
509
525
525
525
525
525
525
546
546
546
546
546
565
565
565
565
565
614
614
614
614
614
614
659
659
659
659
659
695
695
695
695
695
719
719
719
719
719
719
724
724
724
724
724
730
730
730
730
730
712
712
712
712
712
712
696
696
696
696
696
672
672
672
672
672
650
650
650
650
650
650
638
638
638
638
638
625
625
625
625
625
606
606
606
606
606
606
633
633
633
633
633
649
649
649
649
649
680
680
680
680
680
680
699
699
699
699
699
727
727
727
727
727
730
730
730
730
730
730
728
728
728
728
728
724
724
724
724
724
685
685
685
685
685
685
632
632
632
632
632
561
561
561
561
561
499
499
499
499
499
499
415
415
415
415
415
356
356
356
356
356
282
282
282
282
282
282
236
236
236
236
236
197
197
197
197
197
176
176
176
176
176
176
159
159
159
159
159
159
159
159
159
159
182
182
182
182
182
182
209
209
209
209
209
265
265
265
265
265
336
336
336
336
336
336
409
409
409
409
409
527
527
527
527
527
626
626
626
626
626
626
732
732
732
732
732
847
847
847
847
847
929
929
929
929
929
929
1004
1004
1004
1004
1004
1070
1070
1070
1070
1070
1130
1130
1130
1130
1130
1130
1153
1153
1153
1153
1153
1196
1196
1196
1196
1196
1216
1216
1216
1216
1216
1216
1216
1216
1216
1216
1216
1238
1238
1238
1238
1238
1252
1252
1252
1252
1252
1252
1248
1248
1248
1248
1248
1236
1236
1236
1236
1236
1210
1210
1210
1210
1210
1210
1173
1173
1173
1173
1173
1113
1113
1113
1113
1113
1042
1042
1042
1042
1042
1042
956
956
956
956
956
840
840
840
840
840
735
735
735
735
735
735
602
602
602
602
602
497
497
497
497
497
397
397
397
397
397
397
308
308
308
308
308
241
241
241
241
241
194
194
194
194
194
194
164
164
164
164
164
150
150
150
150
150
159
159
159
159
159
159
164
164
164
164
164
201
201
201
201
201
233
233
233
233
233
233
279
279
279
279
279
355
355
355
355
355
422
422
422
422
422
422
504
504
504
504
504
578
578
578
578
578
645
645
645
645
645
645
727
727
727
727
727
772
772
772
772
772
825
825
825
825
825
825
859
859
859
859
859
892
892
892
892
892
921
921
921
921
921
921
946
946
946
946
946
960
960
960
960
960
966
966
966
966
966
966
944
944
944
944
944
933
933
933
933
933
886
886
886
886
886
886
849
849
849
849
849
789
789
789
789
789
733
733
733
733
733
733
652
652
652
652
652
600
600
600
600
600
526
526
526
526
526
526
470
470
470
470
470
430
430
430
430
430
383
383
383
383
383
383
380
380
380
380
380
358
358
358
358
358
357
357
357
357
357
357
383
383
383
383
383
414
414
414
414
414
432
432
432
432
432
432
461
461
461
461
461
499
499
499
499
499
522
522
522
522
522
522
548
548
548
548
548
578
578
578
578
578
603
603
603
603
603
603
626
626
626
626
626
646
646
646
646
646
659
659
659
659
659
659
679
679
679
679
679
677
677
677
677
677
699
699
699
699
699
699
713
713
713
713
713
727
727
727
727
727
728
728
728
728
728
728
724
724
724
724
724
716
716
716
716
716
722
722
722
722
722
722
692
692
692
692
692
686
686
686
686
686
668
668
668
668
668
668
639
639
639
639
639
611
611
611
611
611
586
586
586
586
586
586
571
571
571
571
571
555
555
555
555
555
548
548
548
548
548
548
547
547
547
547
547
550
550
550
550
550
555
555
555
555
555
555
591
591
591
591
591
607
607
607
607
607
632
632
632
632
632
632
673
673
673
673
673
714
714
714
714
714
748
748
748
748
748
748
751
751
751
751
751
763
763
763
763
763
769
769
769
769
769
769
748
748
748
748
748
714
714
714
714
714
704
704
704
704
704
704
652
652
652
652
652
637
637
637
637
637
598
598
598
598
598
598
572
572
572
572
572
548
548
548
548
548
519
519
519
519
519
519
505
505
505
505
505
499
499
499
499
499
485
485
485
485
485
485
459
459
459
459
459
462
462
462
462
462
471
471
471
471
471
471
479
479
479
479
479
499
499
499
499
499
503
503
503
503
503
503
539
539
539
539
539
564
564
564
564
564
587
587
587
587
587
587
612
612
612
612
612
644
644
644
644
644
660
660
660
660
660
660
688
688
688
688
688
701
701
701
701
701
728
728
728
728
728
728
756
756
756
756
756
775
775
775
775
775
784
784
784
784
784
784
810
810
810
810
810
822
822
822
822
822
831
831
831
831
831
831
836
836
836
836
836
835
835
835
835
835
835
835
835
835
835
835
825
825
825
825
825
830
830
830
830
830
814
814
814
814
814
814
807
807
807
807
807
796
796
796
796
796
773
773
773
773
773
773
741
741
741
741
741
703
703
703
703
703
660
660
660
660
660
660
606
606
606
606
606
545
545
545
545
545
493
493
493
493
493
493
457
457
457
457
457
434
434
434
434
434
416
416
416
416
416
416
406
406
406
406
406
426
426
426
426
426
425
425
425
425
425
425
442
442
442
442
442
456
456
456
456
456
475
475
475
475
475
475
505
505
505
505
505
512
512
512
512
512
546
546
546
546
546
546
575
575
575
575
575
594
594
594
594
594
615
615
615
615
615
615
648
648
648
648
648
673
673
673
673
673
704
704
704
704
704
704
717
717
717
717
717
729
729
729
729
729
730
730
730
730
730
730
733
733
733
733
733
724
724
724
724
724
729
729
729
729
729
729
728
728
728
728
728
734
734
734
734
734
711
711
711
711
711
711
706
706
706
706
706
708
708
708
708
708
682
682
682
682
682
682
649
649
649
649
649
634
634
634
634
634
586
586
586
586
586
586
562
562
562
562
562
534
534
534
534
534
513
513
513
513
513
513
502
502
502
502
502
497
497
497
497
497
509
509
509
509
509
509
505
505
505
505
505
536
536
536
536
536
548
548
548
548
548
548
556
556
556
556
556
559
559
559
559
559
586
586
586
586
586
586
596
596
596
596
596
622
622
622
622
622
640
640
640
640
640
640
682
682
682
682
682
713
713
713
713
713
739
739
739
739
739
739
778
778
778
778
778
802
802
802
802
802
817
817
817
817
817
817
821
821
821
821
821
813
813
813
813
813
786
786
786
786
786
786
777
777
777
777
777
763
763
763
763
763
738
738
738
738
738
738
732
732
732
732
732
708
708
708
708
708
686
686
686
686
686
686
683
683
683
683
683
680
680
680
680
680
656
656
656
656
656
656
635
635
635
635
635
643
643
643
643
643
621
621
621
621
621
621
621
621
621
621
621
613
613
613
613
613
601
601
601
601
601
601
594
594
594
594
594
603
603
603
603
603
581
581
581
581
581
581
590
590
590
590
590
594
594
594
594
594
615
615
615
615
615
615
617
617
617
617
617
641
641
641
641
641
637
637
637
637
637
637
652
652
652
652
652
664
664
664
664
664
671
671
671
671
671
671
679
679
679
679
679
695
695
695
695
695
694
694
694
694
694
694
684
684
684
684
684
684
684
684
684
684
675
675
675
675
675
675
672
672
672
672
672
654
654
654
654
654
650
650
650
650
650
650
635
635
635
635
635
628
628
628
628
628
619
619
619
619
619
619
616
616
616
616
616
607
607
607
607
607
595
595
595
595
595
595
591
591
591
591
591
585
585
585
585
585
571
571
571
571
571
571
563
563
563
563
563
573
573
573
573
573
571
571
571
571
571
571
584
584
584
584
584
582
582
582
582
582
591
591
591
591
591
591
600
600
600
600
600
614
614
614
614
614
617
617
617
617
617
617
630
630
630
630
630
632
632
632
632
632
657
657
657
657
657
657
637
637
637
637
637
626
626
626
626
626
612
612
612
612
612
612
604
604
604
604
604
599
599
599
599
599
604
604
604
604
604
604
604
604
604
604
604
608
608
608
608
608
618
618
618
618
618
618
609
609
609
609
609
633
633
633
633
633
638
638
638
638
638
638
643
643
643
643
643
641
641
641
641
641
615
615
615
615
615
615
606
606
606
606
606
599
599
599
599
599
589
589
589
589
589
589
581
581
581
581
581
577
577
577
577
577
580
580
580
580
580
580
586
586
586
586
586
603
603
603
603
603
610
610
610
610
610
610
647
647
647
647
647
653
653
653
653
653
660
660
660
660
660
660
647
647
647
647
647
663
663
663
663
663
665
665
665
665
665
665
646
646
646
646
646
632
632
632
632
632
645
645
645
645
645
645
625
625
625
625
625
604
604
604
604
604
612
612
612
612
612
612
596
596
596
596
596
588
588
588
588
588
592
592
592
592
592
592
583
583
583
583
583
591
591
591
591
591
600
600
600
600
600
600
620
620
620
620
620
622
622
622
622
622
631
631
631
631
631
631
639
639
639
639
639
652
652
652
652
652
637
637
637
637
637
637
643
643
643
643
643
644
644
644
644
644
643
643
643
643
643
643
632
632
632
632
632
629
629
629
629
629
621
621
621
621
621
621
632
632
632
632
632
628
628
628
628
628
627
627
627
627
627
627
633
633
633
633
633
629
629
629
629
629
638
638
638
638
638
638
631
631
631
631
631
641
641
641
641
641
625
625
625
625
625
625
611
611
611
611
611
617
617
617
617
617
625
625
625
625
625
625
613
613
613